3 1 0.0250488 0.628389 0.000115898 -0.00119479 3.95045 -1 -1 -1 
4 1 0.0220152 0.629341 -5.19044e-06 -0.000444131 4.34553 -1 -1 -1 
5 1 0.0246181 0.630449 4.68908e-05 -1.03623e-05 4.68395 -1 -1 -1 
6 1 0.0221678 0.633703 -2.42817e-06 0.000738655 5.07339 -1 -1 -1 
7 1 0.0231889 0.633435 9.90482e-06 0.000542473 5.45843 -1 -1 -1 
8 1 0.0216387 0.633304 -1.16292e-05 0.000426926 5.6793 -1 -1 -1 
9 1 0.0194917 0.630507 -2.71854e-05 -7.49434e-05 6.05011 -1 -1 -1 
10 1 0.0220905 0.631494 2.62952e-06 7.89174e-05 6.2864 -1 -1 -1 
11 1 0.0246994 0.632533 2.35598e-05 0.000209755 6.58964 -1 -1 -1 
12 1 0.0242507 0.634253 1.51489e-05 0.000406002 6.98259 -1 -1 -1 
13 1 0.0243004 0.635553 1.72836e-05 0.000517564 7.26634 -1 -1 -1 
14 1 0.0232593 0.635359 4.87219e-06 0.000431414 7.63451 -1 -1 -1 
15 1 0.0212333 0.636594 -1.18626e-05 0.000526574 7.84898 -1 -1 -1 
16 1 0.0202118 0.637041 -1.79701e-05 0.000517293 8.22694 -1 -1 -1 
17 1 0.0227843 0.636526 -1.25832e-07 0.000398945 8.60411 -1 -1 -1 
18 1 0.0270575 0.639624 3.45415e-05 0.000705796 8.99675 -1 -1 -1 
19 1 0.0224151 0.640773 -5.23103e-06 0.000755533 9.21933 -1 -1 -1 
20 1 0.0208217 0.639858 -1.32053e-05 0.000569428 9.60781 -1 -1 -1 
21 1 0.0229139 0.640145 -1.23977e-06 0.000538017 9.96351 -1 -1 -1 
22 1 0.0273348 0.646179 3.928e-05 0.0011475 10.3259 -1 -1 -1 
23 1 0.0221105 0.647112 -4.02276e-06 0.00112391 10.5647 -1 -1 -1 
24 1 0.0199126 0.644124 -2.13604e-05 0.000675011 10.9284 -1 -1 -1 
25 1 0.0153565 0.650882 -3.74151e-05 0.0013423 11.2082 -1 -1 -1 
26 1 0.00309524 0.633659 -1.96924e-05 -0.000676614 11.5125 -1 -1 -1 
27 1 0.0128357 0.58433 -2.01469e-05 -0.00610833 11.8798 -1 -1 -1 
28 1 0.00988128 0.552043 -2.4074e-05 -0.00929444 12.1081 -1 -1 -1 
29 1 0.00931159 0.544982 -2.05331e-05 -0.00900243 12.4702 -1 -1 -1 
30 1 -0.0236149 0.645217 0.000349011 0.00545905 12.8435 -1 -1 -1 
31 1 -0.0523033 0.846113 0.00107449 0.0265384 13.1239 -1 -1 -1 
32 1 -0.0360268 1.03013 0.000341374 0.0382489 13.4864 -1 -1 -1 
33 1 0.0317136 1.18127 0.000221541 0.0446975 13.8404 -1 -1 -1 
34 1 0.126126 1.26056 0.00228664 0.0464439 14.0536 -1 -1 -1 
38 2 0.306685 1.10564 0.0025912 -0.0259619 15.0465 -1 -1 -1 
39 2 0.297685 0.999894 0.00404969 -0.0551109 15.3505 -1 -1 -1 
46 4 0.253299 0.796407 6.72496e-05 -0.0010111 17.1904 -1 -1 -1 
47 4 0.252978 0.795396 6.71642e-05 -0.0010111 17.465 -1 -1 -1 
48 5 0.392906 1.06392 -0.0111474 -0.0471692 17.8232 -1 -1 -1 
49 5 0.305016 1.03298 -0.0163336 -0.0408893 18.1563 -1 -1 -1 
50 5 0.263477 1.07253 -0.0158564 -0.0155413 18.5598 -1 -1 -1 
51 5 0.175022 1.13243 -0.0151985 0.00317596 18.8807 -1 -1 -1 
52 5 0.115223 1.12418 -0.0105825 0.000925151 19.1569 -1 -1 -1 
53 5 0.0910159 1.02649 -0.0070066 -0.0159491 19.5273 -1 -1 -1 
53 7 0.256566 0.79851 0.000267691 8.92059e-05 19.5273 -1 -1 -1 
54 5 0.0275024 0.913677 -0.0024405 -0.0321792 19.8065 -1 -1 -1 
55 5 -0.05761 0.863764 0.00758777 -0.0352838 20.1612 -1 -1 -1 
56 5 -0.0689663 0.724692 0.00859579 -0.053603 20.5407 -1 -1 -1 
57 5 -0.0428643 0.634933 0.00331678 -0.0605779 20.8783 -1 -1 -1 
58 5 -0.0238994 0.587686 0.00123916 -0.0578033 21.3127 -1 -1 -1 
59 5 -0.0199927 0.571661 0.000771122 -0.0490381 21.7169 -1 -1 -1 
60 5 -0.015683 0.567152 0.0004757 -0.0402663 22.0815 -1 -1 -1 
61 5 -0.0152109 0.56675 0.000401955 -0.033115 22.2837 -1 -1 -1 
62 5 -0.0157106 0.568149 0.000366844 -0.0274841 22.6523 -1 -1 -1 
63 5 -0.0153324 0.571278 0.000309446 -0.0228942 23.032 -1 -1 -1 
64 5 -0.0154262 0.574772 0.000275547 -0.0192151 23.4015 -1 -1 -1 
65 5 -0.0166141 0.583655 0.000270766 -0.015525 23.7762 -1 -1 -1 
66 5 -0.0213452 0.610333 0.000347247 -0.0102914 24.0582 -1 -1 -1 
67 5 -0.0331768 0.647459 0.000625192 -0.0048629 24.4347 -1 -1 -1 
68 5 -0.0459495 0.688935 0.000977142 -2.1985e-05 24.6408 -1 -1 -1 
69 5 -0.0520891 0.703742 0.00109561 0.00139998 25.0162 -1 -1 -1 
70 5 -0.0329271 0.710233 0.000326001 0.00187495 25.3889 -1 -1 -1 
71 5 0.0056942 0.699671 2.33952e-05 0.000707422 25.7645 -1 -1 -1 
72 5 0.0338199 0.692894 0.000361297 -2.40526e-05 26.1316 -1 -1 -1 
74 5 -0.0147723 0.726576 2.26695e-05 0.00340254 26.5591 -1 -1 -1 
75 5 -0.0698809 0.781034 0.0012585 0.00845272 26.9264 -1 -1 -1 
76 5 -0.0458576 0.867392 0.000212218 0.0156243 27.281 -1 -1 -1 
77 5 0.0351335 0.981527 0.00056415 0.0237326 27.5708 -1 -1 -1 
78 5 0.1363 1.13215 0.00348397 0.0329096 27.921 -1 -1 -1 
79 5 0.183016 1.30051 0.00461767 0.0414417 28.1985 -1 -1 -1 
80 5 0.201184 1.39731 0.0047476 0.0445545 28.5416 -1 -1 -1 
81 5 0.216372 1.44562 0.00480081 0.0447643 28.8905 -1 -1 -1 
82 5 0.255813 1.423 0.00587506 0.0407473 29.2287 -1 -1 -1 
83 5 0.365152 1.30875 0.0106139 0.0302477 29.5029 -1 -1 -1 
87 8 0.254694 0.796716 8e-05 -0.000406502 30.5047 -1 -1 -1 
87 9 0.367265 0.845507 0.0121239 -0.0599699 30.5047 -1 -1 -1 
88 8 0.253922 0.798364 -0.00019005 0.000310775 30.6477 -1 -1 -1 
89 8 0.252797 0.798915 -0.000301956 0.00037755 30.9804 -1 -1 -1 
90 8 0.253303 0.800514 -0.000194482 0.000657476 31.1978 -1 -1 -1 
91 8 0.251079 0.799653 -0.000310807 0.000361094 31.5312 -1 -1 -1 
92 8 0.253144 0.802073 -0.000187265 0.000715595 31.7487 -1 -1 -1 
93 8 0.255158 0.802252 -5.32035e-05 0.000632078 32.0863 -1 -1 -1 
94 8 0.255822 0.802286 -8.76762e-06 0.000546041 32.3734 -1 -1 -1 
95 8 0.256692 0.800929 5.12327e-05 0.000287687 32.708 -1 -1 -1 
96 8 0.256313 0.797722 0.000108489 -0.000165803 33.0105 -1 -1 -1 
97 8 0.255492 0.797184 7.60756e-05 -0.000212571 33.3644 -1 -1 -1 
98 8 0.255643 0.797657 3.94805e-05 -0.000128667 33.6602 -1 -1 -1 
98 11 0.0924512 1.19632 -0.0409408 0.0552834 33.6602 -1 -1 -1 
99 8 0.255266 0.798507 2.43695e-05 -1.16029e-05 34.0157 -1 -1 -1 
99 11 0.00934813 1.2762 -0.0510972 0.0629615 34.0157 -1 -1 -1 
100 8 0.25537 0.79883 1.75143e-05 2.77033e-05 34.3222 -1 -1 -1 
100 11 -0.0696832 1.2787 -0.0551843 0.0486439 34.3222 -1 -1 -1 
101 8 0.254985 0.797626 3.2893e-05 -0.00011476 34.6183 -1 -1 -1 
101 11 -0.147272 1.23169 -0.0587355 0.0298912 34.6183 -1 -1 -1 
102 8 0.255476 0.799161 -2.05549e-06 7.42419e-05 34.9778 -1 -1 -1 
102 11 -0.212316 1.20287 -0.058178 0.0195097 34.9778 -1 -1 -1 
103 8 0.252431 0.797756 -8.77136e-05 -9.35308e-05 35.2561 -1 -1 -1 
103 11 -0.304496 1.19599 -0.0649526 0.0151712 35.2561 -1 -1 -1 
104 8 0.252659 0.800535 -0.000110203 0.000230499 35.5273 -1 -1 -1 
104 11 -0.34966 1.19408 -0.0574134 0.0125517 35.5273 -1 -1 -1 
105 8 0.252732 0.800766 -0.000110234 0.000230499 35.7292 -1 -1 -1 
109 12 -0.112054 0.871903 -0.00603078 -0.0387323 36.7557 -1 -1 -1 
110 12 -0.114688 0.792124 -0.00305887 -0.0543483 37.1095 -1 -1 -1 
111 12 -0.138764 0.707868 0.00216295 -0.0640754 37.4988 -1 -1 -1 
112 12 -0.143869 0.643171 0.00506491 -0.0642557 37.8472 -1 -1 -1 
119 15 0.0804442 0.520491 0.0016947 0.0183279 39.6136 -1 -1 -1 
120 15 0.0745906 0.542585 0.000546425 0.0194595 39.835 -1 -1 -1 
121 15 0.0786305 0.543053 0.000582598 0.0149687 40.1176 -1 -1 -1 
122 15 0.0802716 0.53924 0.00059378 0.0112491 40.4717 -1 -1 -1 
123 15 0.0560307 0.564588 -0.000408059 0.0137085 40.8425 -1 -1 -1 
124 15 0.0651518 0.537537 -8.14017e-05 0.00754832 41.2112 -1 -1 -1 
125 15 0.0661397 0.524565 2.32381e-05 0.00457099 41.5161 -1 -1 -1 
126 15 0.0647422 0.523616 -2.23477e-05 0.00378956 41.8871 -1 -1 -1 
130 15 0.0727946 0.535862 0.000172556 0.00494094 42.7829 -1 -1 -1 
131 15 0.0768446 0.542919 0.000235408 0.00521129 43.1389 -1 -1 -1 
132 15 0.0775701 0.548044 0.000212674 0.00520088 43.4297 -1 -1 -1 
133 15 0.0737942 0.546493 9.32368e-05 0.00441356 43.7303 -1 -1 -1 
134 15 0.0708638 0.537748 3.31288e-05 0.00290446 44.0898 -1 -1 -1 
135 15 0.0656729 0.538224 -9.33088e-05 0.00262431 44.2453 -1 -1 -1 
136 15 0.0653594 0.535655 -7.50864e-05 0.00202809 44.6214 -1 -1 -1 
137 15 0.0643585 0.53458 -8.81655e-05 0.0016727 45.0028 -1 -1 -1 
138 15 0.0245096 0.557936 -0.000344711 0.00414605 45.3886 -1 -1 -1 
139 15 0.0196605 0.562029 -0.0003366 0.00414028 45.7612 -1 -1 -1 
140 15 0.0198594 0.542484 -0.00030216 0.0016241 46.1487 -1 -1 -1 
141 15 0.0187514 0.536038 -0.000257265 0.000736474 46.5343 -1 -1 -1 
142 15 0.0165781 0.53626 -0.000218294 0.000678453 46.8404 -1 -1 -1 
143 15 0.01728 0.531022 -0.000188725 9.20982e-06 47.2521 -1 -1 -1 
144 15 0.0205536 0.526361 -0.000167259 -0.000522941 47.5723 -1 -1 -1 
145 15 0.0188499 0.52661 -0.000148045 -0.000434295 47.9673 -1 -1 -1 
146 15 0.0196364 0.524734 -0.000128407 -0.000599095 48.3559 -1 -1 -1 
147 15 0.0179962 0.526699 -0.00011594 -0.0003069 48.726 -1 -1 -1 
148 15 0.0184511 0.527456 -0.000104676 -0.000186823 49.011 -1 -1 -1 
149 15 0.0202292 0.529075 -8.47122e-05 1.55293e-05 49.3826 -1 -1 -1 
150 15 0.0186218 0.532334 -8.20206e-05 0.000376053 49.7512 -1 -1 -1 
151 15 0.019581 0.534879 -7.01338e-05 0.00061482 50.0357 -1 -1 -1 
152 15 0.0191798 0.535828 -6.48052e-05 0.000651226 50.3134 -1 -1 -1 
153 15 0.0201135 0.537482 -5.48011e-05 0.000760466 50.6713 -1 -1 -1 
154 15 0.0204728 0.535446 -4.71969e-05 0.000456709 50.9551 -1 -1 -1 
155 15 0.021233 0.532663 -3.545e-05 0.000102988 51.3276 -1 -1 -1 
156 15 0.0194608 0.531597 -3.65867e-05 -2.56645e-05 51.5779 -1 -1 -1 
157 15 0.0199029 0.531855 -3.59967e-05 5.67476e-06 51.9831 -1 -1 -1 
158 15 0.0173103 0.531953 -4.01503e-05 1.58635e-05 52.2822 -1 -1 -1 
159 15 0.0190661 0.53265 -3.1463e-05 9.1228e-05 52.5724 -1 -1 -1 
160 15 0.0191701 0.535555 -2.9258e-05 0.000401597 52.9465 -1 -1 -1 
161 15 0.0187956 0.537304 -2.78706e-05 0.000549314 53.2061 -1 -1 -1 
162 15 0.0209289 0.535972 -1.02134e-05 0.000344062 53.4897 -1 -1 -1 
163 15 0.0183403 0.536768 -2.19644e-05 0.000393496 53.8819 -1 -1 -1 
164 15 0.0183275 0.536395 -2.28034e-05 0.000309624 54.1112 -1 -1 -1 
165 15 0.0196549 0.5369 -1.22529e-05 0.00033102 54.4754 -1 -1 -1 
166 15 0.0209721 0.537078 -1.02856e-06 0.000314323 54.6162 -1 -1 -1 
167 15 0.0218481 0.537133 5.52133e-06 0.000285883 54.9867 -1 -1 -1 
168 15 0.0183982 0.538463 -1.33533e-05 0.000400453 55.2219 -1 -1 -1 
169 15 0.019706 0.538294 -9.23804e-06 0.000338021 55.5992 -1 -1 -1 
170 15 0.0218115 0.536233 8.73176e-06 7.51567e-05 55.8921 -1 -1 -1 
171 15 0.0218306 0.526182 1.21296e-05 -0.00104003 56.1581 -1 -1 -1 
173 15 0.0201902 0.517055 8.63932e-07 -0.00194933 56.5528 -1 -1 -1 
175 15 0.0202642 0.508359 3.69024e-06 -0.00272452 57.0129 -1 -1 -1 
176 15 0.0178601 0.510561 -9.5034e-06 -0.00214818 57.3713 -1 -1 -1 
179 15 0.0187965 0.513451 -7.75861e-06 -0.00156276 57.9956 -1 -1 -1 
180 15 0.0185153 0.517261 -8.35725e-06 -0.000948159 58.3791 -1 -1 -1 
181 15 0.020731 0.520071 4.47765e-06 -0.000525747 58.775 -1 -1 -1 
182 15 0.0197253 0.527109 -4.26307e-06 0.000312872 59.0585 -1 -1 -1 
183 15 0.0312259 0.525829 0.000124991 0.00013965 59.4459 -1 -1 -1 
184 15 0.0235413 0.535894 3.29928e-05 0.00121796 59.8454 -1 -1 -1 
185 15 0.0537346 0.516072 0.000589131 -0.00102712 60.2388 -1 -1 -1 
186 15 0.076206 0.500978 0.0012413 -0.00258489 60.5978 -1 -1 -1 
187 15 0.0909448 0.508193 0.0016045 -0.00145355 60.9707 -1 -1 -1 
188 15 0.0975359 0.516833 0.00167232 -0.000297364 61.2484 -1 -1 -1 
189 15 0.0958558 0.516841 0.0015007 -0.000263238 61.607 -1 -1 -1 
190 15 0.0896029 0.502981 0.00120823 -0.00176645 61.9779 -1 -1 -1 
191 15 0.0821724 0.490378 0.000898314 -0.00299381 62.2832 -1 -1 -1 
192 15 0.0848423 0.487384 0.000918742 -0.00299381 62.6434 -1 -1 -1 
198 20 0.00265136 0.465303 -0.000269894 -0.00211973 64.4315 -1 -1 -1 
199 20 -0.0218504 0.463183 0.00247569 -0.00211973 64.7033 -1 -1 -1 
202 22 -0.090897 0.471514 0.0160178 -0.00866154 65.7144 -1 -1 -1 
203 22 -0.160791 0.751621 0.0223884 0.0892313 65.9247 -1 -1 -1 
204 22 -0.161657 0.875514 0.00684746 0.0954403 66.2594 -1 -1 -1 
205 22 -0.10436 1.05166 -0.00353967 0.105595 66.5328 -1 -1 -1 
206 22 -0.0505654 1.17301 -0.00234287 0.107041 66.8262 -1 -1 -1 
207 22 -0.0143134 1.25735 -0.000658367 0.105307 67.1877 -1 -1 -1 
211 24 0.35193 1.05782 0.0169777 -0.0427064 68.2276 -1 -1 -1 
212 24 0.352873 0.981466 0.0150322 -0.0553776 68.5739 -1 -1 -1 
213 24 0.342278 0.908818 0.0129573 -0.0608704 68.9241 -1 -1 -1 
217 26 0.278211 0.828139 8.57161e-05 -0.00124264 70.0714 -1 -1 -1 
218 26 0.277121 0.826896 8.54619e-05 -0.00124264 70.3655 -1 -1 -1 
219 27 0.398353 1.06461 -0.0126791 0.00846802 70.6416 -1 -1 -1 
220 27 0.360204 1.01564 -0.0107839 -0.00693872 71.008 -1 -1 -1 
221 27 0.292891 1.07163 -0.0148388 0.0076136 71.3646 -1 -1 -1 
222 27 0.184063 1.10379 -0.0149099 0.0123042 71.6763 -1 -1 -1 
222 28 0.280077 0.835714 -0.000319119 -0.000415693 71.6763 -1 -1 -1 
223 27 0.0830676 1.10995 -0.00897103 0.0113041 72.0472 -1 -1 -1 
223 28 0.277813 0.82896 -0.000175436 -0.0026198 72.0472 -1 -1 -1 
224 27 -0.0815815 1.05578 0.0157324 0.0017165 72.3568 -1 -1 -1 
224 28 0.278195 0.826088 0.000325953 -0.00269046 72.3568 -1 -1 -1 
225 27 -0.124654 0.957819 0.0251925 -0.0125406 72.7494 -1 -1 -1 
225 28 0.279382 0.821675 0.000951295 -0.003089 72.7494 -1 -1 -1 
226 27 -0.122577 0.810201 0.0210245 -0.0328292 73.1199 -1 -1 -1 
227 27 -0.112688 0.744837 0.0143982 -0.0383634 73.3999 -1 -1 -1 
228 27 -0.108177 0.722792 0.0103826 -0.0353951 73.6727 -1 -1 -1 
229 27 -0.104863 0.716219 0.00784304 -0.0302525 74.0456 -1 -1 -1 
230 27 -0.103468 0.714632 0.00624164 -0.025459 74.4182 -1 -1 -1 
231 27 -0.102201 0.713904 0.00505843 -0.0216227 74.7109 -1 -1 -1 
232 27 -0.101925 0.71604 0.00424784 -0.018181 75.0899 -1 -1 -1 
233 27 -0.102828 0.722385 0.00368757 -0.0148376 75.4096 -1 -1 -1 
234 27 -0.104624 0.726695 0.00328001 -0.0123697 75.6929 -1 -1 -1 
235 27 -0.103748 0.728848 0.00278378 -0.0105787 76.0581 -1 -1 -1 
236 27 -0.102835 0.730787 0.00233347 -0.00908288 76.3446 -1 -1 -1 
237 27 -0.103964 0.734568 0.00208273 -0.00758084 76.7123 -1 -1 -1 
238 27 -0.105217 0.734971 0.00195003 -0.00666711 77.08 -1 -1 -1 
239 27 -0.104871 0.73674 0.00170191 -0.00571282 77.4759 -1 -1 -1 
240 27 -0.106512 0.735653 0.00158214 -0.00519452 77.8722 -1 -1 -1 
241 27 -0.109467 0.739446 0.00153563 -0.00419106 78.2417 -1 -1 -1 
242 27 -0.130121 0.772805 0.00257258 -3.23662e-05 78.5971 -1 -1 -1 
243 27 -0.138941 0.837325 0.00227485 0.00677074 78.8114 -1 -1 -1 
244 27 -0.0960443 0.901366 -0.000496907 0.0122574 79.1586 -1 -1 -1 
245 27 -0.0148537 1.07448 -0.000328128 0.0263709 79.4026 -1 -1 -1 
246 27 0.053 1.18456 0.00139386 0.0324136 79.7611 -1 -1 -1 
247 27 0.0645374 1.25927 0.00161124 0.0351814 79.9639 -1 -1 -1 
248 27 0.0130432 1.33568 0.000258732 0.0378336 80.3102 -1 -1 -1 
249 27 -0.107643 1.39306 -0.000638931 0.0391035 80.5871 -1 -1 -1 
250 27 -0.197623 1.42081 0.00216186 0.0383402 80.9414 -1 -1 -1 
251 27 -0.251041 1.40286 0.00661983 0.0343191 81.22 -1 -1 -1 
252 27 -0.308217 1.3729 0.0156006 0.0292757 81.5893 -1 -1 -1 
253 27 -0.383677 1.38325 0.034547 0.0276368 81.9291 -1 -1 -1 
254 27 -0.426942 1.41096 0.0448958 0.0276434 82.2178 -1 -1 -1 
255 27 -0.421861 1.44466 0.0303706 0.0282091 82.5683 -1 -1 -1 
256 27 -0.365672 1.49354 0.00318064 0.0301483 82.8525 -1 -1 -1 
257 27 -0.299788 1.56169 -0.00513043 0.0336704 83.1937 -1 -1 -1 
258 27 -0.271872 1.62252 -0.00579281 0.0361193 83.4224 -1 -1 -1 
259 27 -0.251063 1.66842 -0.00571686 0.0369828 83.7951 -1 -1 -1 
260 27 -0.213824 1.74092 -0.0054186 0.0401021 84.0682 -1 -1 -1 
261 27 -0.175287 1.78101 -0.0046503 0.0401011 84.427 -1 -1 -1 
262 27 -0.107025 1.80251 -0.00311321 0.0384836 84.7918 -1 -1 -1 
262 32 0.257639 0.842366 -0.0064766 0.00338514 84.7918 -1 -1 -1 
263 27 -0.0838525 1.84099 -0.00236729 0.0384836 85.1559 -1 -1 -1 
263 32 0.271657 0.830754 0.00207564 -0.00182941 85.1559 -1 -1 -1 
264 32 0.27665 0.827497 0.00115828 -0.00222948 85.5267 -1 -1 -1 
265 32 0.27858 0.827231 0.00115875 -0.00177446 85.8278 -1 -1 -1 
265 33 0.068454 1.86991 0.00163971 0.0235257 85.8278 -1 -1 -1 
266 32 0.277874 0.825136 0.00096572 -0.0018379 86.1037 -1 -1 -1 
266 33 0.0550375 1.93291 -0.000890954 0.0369972 86.1037 -1 -1 -1 
267 32 0.27791 0.827241 0.000742754 -0.00114963 86.4653 -1 -1 -1 
267 33 0.0421741 1.99375 -0.00211962 0.0433312 86.4653 -1 -1 -1 
268 32 0.277503 0.826029 0.000600963 -0.00115942 86.829 -1 -1 -1 
268 33 0.0551935 2.05584 -0.000665945 0.0473233 86.829 -1 -1 -1 
269 32 0.277586 0.82428 0.00055229 -0.00124531 87.1425 -1 -1 -1 
269 33 0.0547532 2.10317 -0.000664017 0.0473233 87.1425 -1 -1 -1 
270 32 0.277385 0.823685 0.000487251 -0.00115597 87.5095 -1 -1 -1 
271 32 0.258492 0.83626 -0.000536114 0.00064368 87.6657 -1 -1 -1 
271 34 0.145982 2.01636 0.00240782 -0.00728957 87.6657 -1 -1 -1 
272 32 0.273086 0.830991 0.0001045 -9.13541e-05 88.0195 -1 -1 -1 
272 34 0.143158 1.99982 0.00161416 -0.0105546 88.0195 -1 -1 -1 
273 32 0.276467 0.828967 0.000300492 -0.00032542 88.17 -1 -1 -1 
273 34 0.0982471 1.91702 -0.00199117 -0.0310338 88.17 -1 -1 -1 
274 32 0.276882 0.830211 0.000298856 -0.000138754 88.5405 -1 -1 -1 
274 34 0.0509092 1.8405 -0.00590677 -0.0419828 88.5405 -1 -1 -1 
275 32 0.277511 0.830072 0.000299248 -0.000138754 88.8365 -1 -1 -1 
276 34 -0.0516198 1.62739 0.0016029 -0.0656089 89.1167 -1 -1 -1 
277 34 0.0246681 1.51592 -0.000148169 -0.0743009 89.4763 -1 -1 -1 
278 34 0.019941 1.44162 -0.000120329 -0.0743009 89.8372 -1 -1 -1 
280 36 0.250423 1.30448 0.000911395 -0.0237104 90.3635 -1 -1 -1 
281 36 0.285722 1.18267 0.00707818 -0.0592094 90.6667 -1 -1 -1 
282 36 0.306678 1.11214 0.00892374 -0.0627092 91.0266 -1 -1 -1 
283 36 0.327699 1.10372 0.00909728 -0.0481173 91.3779 -1 -1 -1 
299 39 0.272935 1.01677 -0.00849432 -0.0622608 94.7261 -1 -1 -1 
300 39 0.169094 0.928013 -0.0111583 -0.0726872 94.9325 -1 -1 -1 
301 39 0.118536 0.872576 -0.00884597 -0.0669017 95.2766 -1 -1 -1 
302 39 -0.00444996 0.782096 0.000652888 -0.0736566 95.5992 -1 -1 -1 
303 39 -0.0905361 0.713501 0.0204811 -0.0723384 95.972 -1 -1 -1 
310 42 0.103205 0.574092 0.00651364 0.0331203 97.7436 -1 -1 -1 
311 42 0.0973883 0.559456 0.00462802 0.019517 97.9615 -1 -1 -1 
312 42 0.0814352 0.535355 0.00267767 0.00927577 98.2304 -1 -1 -1 
313 42 0.0611303 0.52922 0.00106541 0.00608336 98.6032 -1 -1 -1 
314 42 0.0596324 0.535092 0.000635646 0.00604423 98.8749 -1 -1 -1 
315 42 0.0545433 0.545132 0.000318787 0.00670503 99.2441 -1 -1 -1 
316 42 0.0548428 0.552618 0.000260687 0.00682101 99.5506 -1 -1 -1 
317 42 0.0565841 0.55648 0.000260294 0.00641791 99.9085 -1 -1 -1 
318 42 0.0570409 0.560973 0.000221693 0.00617132 100.182 -1 -1 -1 
319 42 0.0587179 0.568372 0.000214959 0.00632132 100.459 -1 -1 -1 
320 42 0.0616593 0.574237 0.000248734 0.00626782 100.816 -1 -1 -1 
321 42 0.0618248 0.580173 0.000211276 0.00623015 101.175 -1 -1 -1 
322 42 0.0561364 0.584827 6.19903e-05 0.00605538 101.492 -1 -1 -1 
323 42 0.0311439 0.588992 -0.000183601 0.00584927 101.706 -1 -1 -1 
324 42 0.0125572 0.593634 -0.000172659 0.00571905 102.068 -1 -1 -1 
325 42 0.00948277 0.582744 -0.000139127 0.00394234 102.347 -1 -1 -1 
326 42 0.0102089 0.570348 -0.000126899 0.00215888 102.647 -1 -1 -1 
327 42 0.00696739 0.570839 -8.64121e-05 0.00197137 103.02 -1 -1 -1 
328 42 0.00693647 0.568306 -7.54583e-05 0.00146196 103.391 -1 -1 -1 
329 42 0.00784672 0.567273 -7.11751e-05 0.00117906 103.753 -1 -1 -1 
330 42 0.0065177 0.572124 -5.49586e-05 0.00159482 104.034 -1 -1 -1 
331 42 0.00606417 0.573245 -4.6536e-05 0.00154184 104.322 -1 -1 -1 
332 42 0.00608197 0.574928 -4.07446e-05 0.00155742 104.71 -1 -1 -1 
333 42 0.00563928 0.577484 -3.5136e-05 0.00166748 105.09 -1 -1 -1 
334 42 0.00331078 0.581028 -2.10421e-05 0.00187288 105.455 -1 -1 -1 
335 42 0.0066487 0.583624 -2.85577e-05 0.00195145 105.822 -1 -1 -1 
336 42 0.00853212 0.582565 -2.81993e-05 0.00162593 106.127 -1 -1 -1 
337 42 0.00854443 0.583405 -2.34066e-05 0.00154078 106.494 -1 -1 -1 
338 42 0.00992745 0.581027 -1.87703e-05 0.00111507 106.693 -1 -1 -1 
339 42 0.00713645 0.584691 -1.93886e-05 0.00139376 107.053 -1 -1 -1 
340 42 0.00758661 0.582736 -1.77466e-05 0.00102891 107.261 -1 -1 -1 
341 42 0.00944818 0.580618 -1.28146e-05 0.000684653 107.595 -1 -1 -1 
342 42 0.00850102 0.580441 -1.26982e-05 0.000589896 107.942 -1 -1 -1 
343 42 0.00898197 0.581011 -1.08228e-05 0.00058762 108.221 -1 -1 -1 
344 42 0.0104151 0.581864 -7.11351e-06 0.000616868 108.587 -1 -1 -1 
345 42 0.00858425 0.586124 -1.06436e-05 0.00101782 108.979 -1 -1 -1 
346 42 0.00996284 0.583098 -5.49845e-06 0.000576287 109.375 -1 -1 -1 
347 42 0.00857089 0.585212 -8.16125e-06 0.000744863 109.773 -1 -1 -1 
348 42 0.0071603 0.586645 -9.74688e-06 0.000820175 110.146 -1 -1 -1 
349 42 0.00904642 0.58518 -5.44648e-06 0.000570653 110.518 -1 -1 -1 
350 42 0.007628 0.585915 -7.48804e-06 0.000588706 110.794 -1 -1 -1 
351 42 0.0067078 0.588812 -8.50567e-06 0.000841604 111.074 -1 -1 -1 
352 42 0.00951314 0.58461 -1.95321e-07 0.000291204 111.436 -1 -1 -1 
353 42 0.00764149 0.586952 -4.6614e-06 0.000516667 111.803 -1 -1 -1 
354 42 0.00622533 0.588479 -6.91151e-06 0.000627575 112.085 -1 -1 -1 
355 42 0.00670284 0.588377 -5.73491e-06 0.000547668 112.455 -1 -1 -1 
356 42 0.00854864 0.583692 -2.1618e-06 -2.51764e-05 112.67 -1 -1 -1 
357 42 0.0085515 0.583888 -1.24316e-06 -8.16334e-07 113.033 -1 -1 -1 
358 42 0.00818731 0.591896 -2.63597e-06 0.000885996 113.312 -1 -1 -1 
359 42 0.00290911 0.595555 -6.36337e-06 0.00118876 113.708 -1 -1 -1 
360 42 -0.0029236 0.599544 1.14335e-05 0.00149159 113.991 -1 -1 -1 
361 42 2.47629e-06 0.59378 -6.09012e-09 0.000712601 114.36 -1 -1 -1 
362 42 0.00240286 0.590198 -2.90303e-06 0.000246334 114.574 -1 -1 -1 
363 42 0.00240536 0.590812 -3.09857e-06 0.000286764 114.849 -1 -1 -1 
364 42 0.00429543 0.586409 -1.26666e-06 -0.000230026 115.211 -1 -1 -1 
365 42 0.00239411 0.588049 -2.32043e-06 -2.22843e-05 115.458 -1 -1 -1 
366 42 0.00284966 0.583383 -1.9068e-06 -0.0005375 115.815 -1 -1 -1 
367 42 -0.00600072 0.567695 2.43983e-05 -0.00222991 116.185 -1 -1 -1 
368 42 -0.0323684 0.585232 0.000481364 4.02295e-05 116.46 -1 -1 -1 
369 42 -0.100038 0.661225 0.0049529 0.00852196 116.73 -1 -1 -1 
370 42 -0.19161 0.826543 0.018842 0.0236864 116.997 -1 -1 -1 
371 42 -0.22729 0.95695 0.0194337 0.0314718 117.334 -1 -1 -1 
372 42 -0.166955 1.07464 0.000508079 0.0367313 117.59 -1 -1 -1 
373 42 -0.096937 1.17998 -0.0021783 0.0405554 117.912 -1 -1 -1 
374 42 -0.0544066 1.26212 -0.00146045 0.0428146 118.221 -1 -1 -1 
375 42 -0.064535 1.34482 -0.00154077 0.0450387 118.448 -1 -1 -1 
376 42 -0.114713 1.45394 -0.00197262 0.0487554 118.724 -1 -1 -1 
377 42 -0.17168 1.55196 -0.00155175 0.0516674 119.06 -1 -1 -1 
378 42 -0.176083 1.65252 -0.00162168 0.0546316 119.306 -1 -1 -1 
379 42 -0.155718 1.7404 -0.00191004 0.0566994 119.671 -1 -1 -1 
380 42 -0.142023 1.83799 -0.00193252 0.0593314 119.9 -1 -1 -1 
381 42 -0.131258 1.85488 -0.00177872 0.0565221 120.157 -1 -1 -1 
382 42 -0.116546 1.79109 -0.00155943 0.0479569 120.52 -1 -1 -1 
382 46 0.282502 0.842951 0 -0.000547705 120.52 -1 -1 -1 
383 42 -0.119852 1.58441 -0.0011807 0.0274928 120.805 -1 -1 -1 
383 46 0.280935 0.838276 0.000210827 -0.00198779 120.805 -1 -1 -1 
384 42 -0.101491 1.38642 -0.000951637 0.00528963 121.168 -1 -1 -1 
384 46 0.283987 0.841256 0.000668202 -0.000595978 121.168 -1 -1 -1 
385 42 -0.0135794 1.19287 -0.000278038 -0.0188951 121.535 -1 -1 -1 
385 46 0.285278 0.843051 0.000484022 -4.6203e-05 121.535 -1 -1 -1 
386 42 0.0307036 1.04836 0.000740519 -0.0374825 121.814 -1 -1 -1 
386 46 0.285262 0.843001 0.00037431 -4.68077e-05 121.814 -1 -1 -1 
387 42 0.0187943 0.924019 0.000396678 -0.052328 122.174 -1 -1 -1 
387 46 0.283885 0.842986 0.000149554 -4.14016e-05 122.174 -1 -1 -1 
388 42 0.00694622 0.853512 0.000121768 -0.0557617 122.539 -1 -1 -1 
389 42 0.0568357 0.919309 0.00130718 -0.0320668 122.819 -1 -1 -1 
390 42 0.120581 1.0439 0.00321531 -0.00553096 123.167 -1 -1 -1 
391 42 0.129338 1.16057 0.00313482 0.0108674 123.455 -1 -1 -1 
392 42 0.0620148 1.29208 0.000952043 0.0240696 123.853 -1 -1 -1 
393 42 -0.0333786 1.46579 -6.94887e-05 0.0378426 124.198 -1 -1 -1 
394 42 -0.058175 1.55493 0.00011511 0.0418487 124.361 -1 -1 -1 
395 42 -0.055369 1.58319 5.92522e-05 0.0408489 124.663 -1 -1 -1 
396 42 -0.018804 1.54167 -9.82332e-05 0.034648 124.997 -1 -1 -1 
397 42 -0.01538 1.57632 -7.99577e-05 0.034648 125.352 -1 -1 -1 
409 54 0.232303 1.04227 -0.00925031 -0.0308794 128.184 -1 -1 -1 
410 54 0.147199 1.01661 -0.010616 -0.0289693 128.543 -1 -1 -1 
411 54 0.00995062 1.01898 -0.00143902 -0.0195815 128.815 -1 -1 -1 
412 54 -0.132673 1.04558 0.0323671 -0.00826711 129.181 -1 -1 -1 
413 54 -0.234361 1.02171 0.0800084 -0.0114212 129.395 -1 -1 -1 
414 54 -0.239535 0.949943 0.0650631 -0.0222436 129.753 -1 -1 -1 
415 54 -0.226116 0.885303 0.0418929 -0.0295738 129.954 -1 -1 -1 
419 57 -0.227018 0.811318 -0.00248311 -0.0366439 130.981 -1 -1 -1 
420 57 -0.192501 0.728184 -0.00514939 -0.0530685 131.327 -1 -1 -1 
421 57 -0.186118 0.750204 -0.00655341 -0.0294442 131.549 -1 -1 -1 
422 57 -0.198376 0.829532 -0.00679911 -0.00145079 131.899 -1 -1 -1 
423 57 -0.233391 0.999753 -0.00734353 0.0322826 132.264 -1 -1 -1 
424 57 -0.251394 1.1887 -0.00892116 0.0540769 132.535 -1 -1 -1 
425 57 -0.227827 1.31498 -0.00946321 0.0614327 132.876 -1 -1 -1 
426 57 -0.181796 1.44195 -0.00827093 0.066989 133.241 -1 -1 -1 
427 57 -0.152382 1.51082 -0.00676424 0.0671305 133.548 -1 -1 -1 
428 57 -0.128766 1.53698 -0.0054491 0.0641284 133.917 -1 -1 -1 
429 57 -0.1272 1.57964 -0.0049991 0.0625045 134.287 -1 -1 -1 
430 57 -0.15423 1.62064 -0.00532571 0.0608211 134.49 -1 -1 -1 
431 57 -0.175009 1.63 -0.00523603 0.0566683 134.85 -1 -1 -1 
431 58 0.281962 0.841341 -7.96811e-05 -0.00174899 134.85 -1 -1 -1 
432 57 -0.184488 1.53252 -0.00456789 0.043635 135.057 -1 -1 -1 
432 58 0.282935 0.8422 5.42968e-05 -0.000838958 135.057 -1 -1 -1 
433 57 -0.12553 1.342 -0.00341651 0.0214577 135.407 -1 -1 -1 
433 58 0.281385 0.839619 6.2598e-05 -0.00132542 135.407 -1 -1 -1 
434 57 -0.0172655 1.06156 -0.000629064 -0.0129361 135.689 -1 -1 -1 
434 58 0.281111 0.8388 -6.40646e-05 -0.00120872 135.689 -1 -1 -1 
435 57 0.0105089 0.860996 0.00037958 -0.040797 136.052 -1 -1 -1 
435 58 0.283387 0.845593 1.07454e-05 0.000364717 136.052 -1 -1 -1 
436 57 0.00993099 0.762811 0.000329962 -0.0516365 136.252 -1 -1 -1 
437 57 0.00593904 0.729755 0.000178946 -0.04768 136.63 -1 -1 -1 
438 57 0.000580282 0.709743 1.55727e-05 -0.0418743 136.94 -1 -1 -1 
439 57 -0.00286853 0.706023 -6.78786e-05 -0.0344216 137.303 -1 -1 -1 
440 57 -0.00114392 0.704957 -2.50353e-05 -0.0285049 137.578 -1 -1 -1 
441 57 0.00114582 0.702516 2.29772e-05 -0.0242925 137.929 -1 -1 -1 
442 57 0.00171132 0.700086 3.09696e-05 -0.0210204 138.205 -1 -1 -1 
443 57 0.00170825 0.69883 2.76681e-05 -0.0182379 138.558 -1 -1 -1 
444 57 0.000571658 0.699196 8.14607e-06 -0.015746 138.852 -1 -1 -1 
445 57 -0.00342014 0.70137 -4.0775e-05 -0.0134443 139.229 -1 -1 -1 
446 57 -0.00342359 0.702078 -3.6466e-05 -0.0116919 139.464 -1 -1 -1 
447 57 -0.00171222 0.702852 -1.66899e-05 -0.0101907 139.827 -1 -1 -1 
448 57 -0.000569371 0.703576 -5.2283e-06 -0.00890428 140.191 -1 -1 -1 
449 57 -0.000568277 0.702224 -4.61412e-06 -0.00802882 140.398 -1 -1 -1 
450 57 -0.00113597 0.700063 -8.0313e-06 -0.00735535 140.754 -1 -1 -1 
451 57 -0.00343082 0.70356 -1.9032e-05 -0.0061162 140.998 -1 -1 -1 
452 57 -0.00400817 0.704449 -1.98719e-05 -0.00532562 141.282 -1 -1 -1 
453 57 -0.0040227 0.707002 -1.72026e-05 -0.00444349 141.653 -1 -1 -1 
454 57 -0.00287986 0.708811 -1.17174e-05 -0.00374926 142.016 -1 -1 -1 
455 57 -0.00230389 0.708992 -8.79322e-06 -0.00331559 142.234 -1 -1 -1 
455 62 0.281321 0.843522 9.21532e-05 -5.09731e-05 142.234 -1 -1 -1 
456 57 -0.00114973 0.708539 -4.35792e-06 -0.00300047 142.594 -1 -1 -1 
456 62 0.282635 0.845401 0.000474716 0.000624567 142.594 -1 -1 -1 
457 57 -0.00114965 0.708492 -3.9061e-06 -0.00267519 142.824 -1 -1 -1 
458 57 -0.00115195 0.70991 -3.47698e-06 -0.00222447 143.192 -1 -1 -1 
459 57 -0.000576075 0.711861 -1.60208e-06 -0.00176547 143.432 -1 -1 -1 
460 57 2.97488e-06 0.713336 8.10747e-09 -0.00141034 143.797 -1 -1 -1 
461 57 0.0011634 0.713296 3.17672e-06 -0.00126053 144.08 -1 -1 -1 
462 57 0.000584298 0.714656 1.3533e-06 -0.000973925 144.27 -1 -1 -1 
463 57 0.00174668 0.714552 4.08677e-06 -0.000878779 144.631 -1 -1 -1 
464 57 2.9827e-06 0.715211 4.84278e-09 -0.000710605 145.003 -1 -1 -1 
465 57 0.000584441 0.71483 8.66707e-07 -0.000674483 145.141 -1 -1 -1 
466 57 0.000584345 0.714714 7.76263e-07 -0.000613338 145.397 -1 -1 -1 
467 57 0.000582709 0.712712 6.87233e-07 -0.000765702 145.748 -1 -1 -1 
468 57 -0.00173929 0.713967 -1.02278e-06 -0.000543116 146.108 -1 -1 -1 
469 57 -0.00348722 0.715126 2.79496e-08 -0.000355695 146.406 -1 -1 -1 
470 57 -0.00406024 0.713601 1.33767e-06 -0.000484199 146.713 -1 -1 -1 
471 57 -0.00637706 0.71304 7.20341e-06 -0.000492705 147.07 -1 -1 -1 
472 57 -0.00609117 0.749215 3.63714e-06 0.00355124 147.349 -1 -1 -1 
473 57 -0.0148945 0.872157 4.17108e-05 0.0160545 147.613 -1 -1 -1 
474 57 -0.0691717 1.03711 0.00104803 0.0291057 147.965 -1 -1 -1 
475 57 -0.174884 1.311 0.00655016 0.0464077 148.247 -1 -1 -1 
476 57 -0.239172 1.47758 0.011153 0.0528734 148.52 -1 -1 -1 
477 57 -0.189538 1.57446 0.00334978 0.055035 148.858 -1 -1 -1 
478 57 -0.14073 1.63225 0.000380568 0.0551747 149.165 -1 -1 -1 
479 57 -0.124721 1.64879 -7.66833e-05 0.053027 149.513 -1 -1 -1 
480 57 -0.0993469 1.60714 -0.000390746 0.0471058 149.895 -1 -1 -1 
481 57 -0.081659 1.45503 -0.00039255 0.0327081 150.128 -1 -1 -1 
481 67 0.281846 0.838957 -0.000380967 -0.000722974 150.128 -1 -1 -1 
482 57 -0.0862953 1.30982 -0.000193058 0.016935 150.48 -1 -1 -1 
482 67 0.282225 0.838055 0.000277961 -0.00078505 150.48 -1 -1 -1 
483 57 -0.0721206 1.10836 -0.000143987 -0.00670811 150.693 -1 -1 -1 
483 67 0.283136 0.840761 0.00032852 0.000185824 150.693 -1 -1 -1 
484 57 -0.0577495 0.959466 -0.000181289 -0.0259215 151.042 -1 -1 -1 
484 67 0.282287 0.84027 -6.40883e-05 3.11921e-05 151.042 -1 -1 -1 
485 57 -0.0371424 0.815464 -0.000217824 -0.0450512 151.269 -1 -1 -1 
486 57 -0.0468737 0.65487 2.84056e-05 -0.0668098 151.634 -1 -1 -1 
492 70 0.0545473 0.558801 0.000256797 0.00829826 153.588 -1 -1 -1 
493 70 0.0501592 0.550549 -2.82232e-05 0.00292096 153.899 -1 -1 -1 
494 70 0.0515252 0.541375 6.69552e-05 -0.000287863 154.274 -1 -1 -1 
495 70 0.0475763 0.531693 -5.46957e-05 -0.00239511 154.421 -1 -1 -1 
496 70 0.0430394 0.529088 -0.000150253 -0.00243644 154.775 -1 -1 -1 
497 70 0.042544 0.528279 -0.000135343 -0.00215057 154.927 -1 -1 -1 
498 70 0.0414008 0.530148 -0.000139042 -0.00150931 155.286 -1 -1 -1 
499 70 0.0434086 0.533626 -9.07132e-05 -0.000776756 155.602 -1 -1 -1 
500 70 0.0452014 0.534294 -4.5663e-05 -0.000578884 155.965 -1 -1 -1 
501 70 0.0493873 0.532567 4.04749e-05 -0.000728211 156.33 -1 -1 -1 
502 70 0.0509964 0.531278 7.24167e-05 -0.000798594 156.651 -1 -1 -1 
503 70 0.0469869 0.53483 -1.87614e-05 -0.000266318 157.021 -1 -1 -1 
504 70 0.0490422 0.533526 2.46561e-05 -0.000389674 157.326 -1 -1 -1 
505 70 0.050606 0.531717 5.36e-05 -0.000555613 157.686 -1 -1 -1 
506 70 0.0457564 0.535704 -4.39487e-05 -2.95223e-05 157.927 -1 -1 -1 
507 70 0.0465865 0.535229 -2.08258e-05 -8.02983e-05 158.282 -1 -1 -1 
508 70 0.0430235 0.539685 -8.17347e-05 0.000431485 158.555 -1 -1 -1 
509 70 0.0437035 0.542678 -6.62522e-05 0.000716361 158.832 -1 -1 -1 
510 70 0.0483336 0.545112 8.22158e-06 0.000905242 159.191 -1 -1 -1 
511 70 0.0458585 0.547324 -3.17509e-05 0.0010478 159.398 -1 -1 -1 
512 70 0.0411692 0.550103 -9.38846e-05 0.00123574 159.767 -1 -1 -1 
513 70 0.0163143 0.55704 -0.000168213 0.00185166 160.149 -1 -1 -1 
514 70 0.0162361 0.554371 -0.000172122 0.00136897 160.401 -1 -1 -1 
515 70 0.0144038 0.553273 -0.000143947 0.0011041 160.764 -1 -1 -1 
516 70 0.0135245 0.554128 -0.000124774 0.00107717 161.045 -1 -1 -1 
517 70 0.0175483 0.553092 -0.000110308 0.000847805 161.412 -1 -1 -1 
518 70 0.0157364 0.552659 -9.96816e-05 0.000708126 161.791 -1 -1 -1 
519 70 0.0109552 0.561049 -8.19392e-05 0.00154894 162.159 -1 -1 -1 
520 70 0.0169268 0.577956 -7.6891e-05 0.00320742 162.404 -1 -1 -1 
521 70 0.016786 0.58952 -7.07152e-05 0.00408085 162.76 -1 -1 -1 
522 70 0.00934784 0.522241 -5.63897e-05 -0.00320585 162.975 -1 -1 -1 
523 70 -0.0568392 0.510067 0.0024875 -0.00424064 163.331 -1 -1 -1 
524 70 -0.119227 0.591037 0.0107809 0.006219 163.613 -1 -1 -1 
525 70 -0.235429 0.806224 0.0426439 0.0281799 163.953 -1 -1 -1 
526 70 -0.306842 1.01953 0.0469963 0.0411086 164.204 -1 -1 -1 
527 70 -0.321786 1.17042 0.0240899 0.0467327 164.545 -1 -1 -1 
528 70 -0.350476 1.21715 0.0277423 0.0467327 164.766 -1 -1 -1 
530 71 0.0717884 1.40075 0.00381702 -0.0127589 165.389 -1 -1 -1 
531 71 0.18232 1.32623 0.0132144 -0.0343106 165.729 -1 -1 -1 
532 71 0.296367 1.29198 0.0226586 -0.0342923 165.974 -1 -1 -1 
533 71 0.353901 1.29101 0.024714 -0.0260641 166.313 -1 -1 -1 
534 71 0.270683 1.32049 0.0146215 -0.0143721 166.548 -1 -1 -1 
535 71 0.318733 1.30612 0.0163313 -0.0143721 166.932 -1 -1 -1 
537 74 -0.0668201 1.71157 -0.000760274 0.052397 167.564 -1 -1 -1 
537 75 0.28764 0.839935 -0.000696548 -0.000736997 167.564 -1 -1 -1 
538 74 -0.0178396 1.82841 -0.00049687 0.0726918 167.77 -1 -1 -1 
538 75 0.288281 0.839811 -8.61319e-05 -0.00052382 167.77 -1 -1 -1 
539 74 0.0309689 1.90312 0.00100742 0.0731788 168.141 -1 -1 -1 
539 75 0.288711 0.839075 -0.000100302 -0.000582843 168.141 -1 -1 -1 
540 74 0.0561975 1.91883 0.00169482 0.0620817 168.421 -1 -1 -1 
540 75 0.288007 0.841005 -0.000182109 -6.21321e-06 168.421 -1 -1 -1 
541 74 0.0441087 1.93629 0.0010184 0.0546706 168.785 -1 -1 -1 
541 75 0.288245 0.8417 -9.84158e-05 0.000130709 168.785 -1 -1 -1 
542 74 0.0696465 1.99096 0.00157234 0.0546706 169.148 -1 -1 -1 
542 75 0.289037 0.844015 -0.000197412 0.000506828 169.148 -1 -1 -1 
543 75 0.289089 0.844166 -6.79271e-05 0.000451596 169.539 -1 -1 -1 
544 75 0.288557 0.844618 -6.78663e-05 0.000451596 169.843 -1 -1 -1 
547 78 0.291224 0.848385 -7.67764e-05 0.00151201 170.784 -1 -1 -1 
548 78 0.286415 0.84236 -0.000307202 -0.00110024 170.982 -1 -1 -1 
549 78 0.289041 0.844026 -6.21285e-05 -0.000329271 171.331 -1 -1 -1 
550 78 0.287969 0.838903 4.42504e-05 -0.00142857 171.678 -1 -1 -1 
551 78 0.288367 0.842059 -1.13303e-05 -0.00052683 171.976 -1 -1 -1 
552 78 0.288555 0.844611 -5.71258e-05 6.17472e-06 172.337 -1 -1 -1 
553 78 0.290266 0.847603 -5.34634e-06 0.000472409 172.623 -1 -1 -1 
554 78 0.290396 0.843973 6.41614e-05 -0.000118051 172.993 -1 -1 -1 
555 78 0.288547 0.840586 2.88818e-05 -0.0005626 173.196 -1 -1 -1 
555 86 -0.113868 0.992846 -0.0156106 -0.222061 173.196 -1 -1 -1 
556 78 0.288354 0.840024 2.88625e-05 -0.0005626 173.562 -1 -1 -1 
557 86 -0.0397981 0.436865 0.000314179 -0.257952 173.84 -1 -1 -1 
561 89 0.0814527 0.510883 0.00194185 0.018603 175.05 -1 -1 -1 
562 89 0.0833379 0.53639 0.00126356 0.0207698 175.422 -1 -1 -1 
563 89 0.0908404 0.539488 0.00133812 0.0164849 175.705 -1 -1 -1 
564 89 0.0930838 0.537239 0.00120569 0.0127293 175.981 -1 -1 -1 
565 89 0.0904125 0.536946 0.000858834 0.0104487 176.342 -1 -1 -1 
566 89 0.0903328 0.528809 0.000766907 0.00751197 176.548 -1 -1 -1 
567 89 0.0888724 0.525262 0.000612576 0.00587565 176.91 -1 -1 -1 
568 89 0.0891823 0.5196 0.000571137 0.00425651 177.191 -1 -1 -1 
569 89 0.0875456 0.51992 0.00043655 0.00372481 177.554 -1 -1 -1 
570 89 0.0909919 0.517872 0.000505879 0.0029753 177.915 -1 -1 -1 
571 89 0.0936048 0.530288 0.000478311 0.00416413 178.162 -1 -1 -1 
572 89 0.0952736 0.534813 0.000451264 0.0042073 178.504 -1 -1 -1 
573 89 0.0919477 0.535712 0.000294024 0.00382538 178.818 -1 -1 -1 
574 89 0.0854469 0.5471 5.99755e-05 0.00468219 179.177 -1 -1 -1 
575 89 0.0896752 0.574174 -3.61373e-06 0.00714154 179.541 -1 -1 -1 
576 89 0.0573303 0.623691 -0.000599046 0.011526 179.828 -1 -1 -1 
577 89 0.0212039 0.635712 -0.000502751 0.0115724 180.191 -1 -1 -1 
578 89 0.0175794 0.635542 -0.000430514 0.0104991 180.472 -1 -1 -1 
579 89 0.00816567 0.627215 -0.000207698 0.00874491 180.831 -1 -1 -1 
580 89 0.00658958 0.622912 -0.000150282 0.00747554 181.208 -1 -1 -1 
581 89 0.00455815 0.622274 -9.29158e-05 0.00665586 181.593 -1 -1 -1 
582 89 0.00556597 0.621769 -9.61135e-05 0.00591456 181.963 -1 -1 -1 
583 89 -0.00151842 0.623298 2.76215e-05 0.00545307 182.173 -1 -1 -1 
584 89 -0.00305722 0.626946 5.07576e-05 0.00526145 182.544 -1 -1 -1 
585 89 0.0123804 0.634038 -0.000101995 0.00545607 182.911 -1 -1 -1 
586 89 0.0109209 0.639171 -8.55194e-05 0.00542191 183.278 -1 -1 -1 
587 89 0.0104084 0.639623 -7.38875e-05 0.00489943 183.646 -1 -1 -1 
588 89 0.0109168 0.638929 -6.63961e-05 0.00430879 183.85 -1 -1 -1 
589 89 0.0155351 0.636507 -6.03227e-05 0.00359218 184.218 -1 -1 -1 
590 89 0.0170946 0.636739 -5.1292e-05 0.00323053 184.417 -1 -1 -1 
591 89 0.013496 0.638014 -5.16549e-05 0.00301866 184.684 -1 -1 -1 
592 89 0.0119336 0.637719 -4.44989e-05 0.002659 185.041 -1 -1 -1 
593 89 0.0129933 0.638811 -3.99116e-05 0.00248834 185.389 -1 -1 -1 
594 89 0.0140105 0.637808 -3.36316e-05 0.00210793 185.715 -1 -1 -1 
595 89 0.016107 0.638652 -2.50043e-05 0.00196977 186.078 -1 -1 -1 
596 89 0.0135425 0.640212 -2.91775e-05 0.00192494 186.465 -1 -1 -1 
597 89 0.0182066 0.63941 -5.72983e-06 0.00162709 186.849 -1 -1 -1 
598 89 0.0192553 0.639693 1.77822e-06 0.00147991 187.131 -1 -1 -1 
599 89 0.0161178 0.639079 -1.36368e-05 0.00125052 187.414 -1 -1 -1 
600 89 0.0182453 0.640772 -4.34336e-06 0.00129911 187.784 -1 -1 -1 
601 89 0.017704 0.640046 -6.04955e-06 0.00107707 188.154 -1 -1 -1 
602 89 0.0145578 0.639061 -1.94946e-05 0.000850737 188.429 -1 -1 -1 
603 89 0.0196412 0.635345 8.00494e-06 0.000348285 188.794 -1 -1 -1 
604 89 0.0160041 0.634572 -1.06547e-05 0.000224069 189.165 -1 -1 -1 
605 89 0.0129278 0.635593 -2.00917e-05 0.000312514 189.533 -1 -1 -1 
606 89 0.0160226 0.635307 -6.25864e-06 0.000246224 189.783 -1 -1 -1 
607 89 0.0222429 0.635849 3.16182e-05 0.000278923 190.052 -1 -1 -1 
608 89 0.0285173 0.637365 8.92025e-05 0.000415666 190.42 -1 -1 -1 
609 89 0.0283134 0.644527 8.18182e-05 0.00115877 190.702 -1 -1 -1 
610 89 0.0315369 0.657071 0.000100574 0.00239711 191.068 -1 -1 -1 
611 89 0.0285048 0.661125 6.53966e-05 0.00257335 191.297 -1 -1 -1 
612 89 0.0274626 0.661928 4.70483e-05 0.00238656 191.641 -1 -1 -1 
613 89 0.0257783 0.660163 2.78536e-05 0.00194752 192.021 -1 -1 -1 
614 89 0.0278662 0.658743 3.63518e-05 0.00158814 192.301 -1 -1 -1 
615 89 0.0287374 0.654177 4.29505e-05 0.000925114 192.662 -1 -1 -1 
616 89 0.0274296 0.648421 2.84514e-05 0.000195899 193.029 -1 -1 -1 
617 89 0.0252048 0.632302 9.66344e-06 -0.00161066 193.414 -1 -1 -1 
618 89 0.0254822 0.614194 1.41756e-05 -0.00349138 193.789 -1 -1 -1 
619 89 0.0193399 0.609559 -2.43156e-05 -0.00362628 194.169 -1 -1 -1 
620 89 0.0246616 0.618675 7.50898e-06 -0.00210992 194.451 -1 -1 -1 
621 89 0.0253599 0.623471 1.72812e-05 -0.00130701 194.812 -1 -1 -1 
622 89 0.0243936 0.6247 2.99287e-06 -0.0010187 195.172 -1 -1 -1 
623 89 0.0248695 0.623892 6.0396e-06 -0.000995063 195.547 -1 -1 -1 
624 89 0.0279322 0.62429 3.10046e-05 -0.000839658 195.926 -1 -1 -1 
625 89 0.0298136 0.621168 4.84759e-05 -0.00109342 196.161 -1 -1 -1 
626 89 0.0272371 0.620025 2.64711e-05 -0.0010989 196.533 -1 -1 -1 
627 89 0.0271619 0.618313 2.39581e-05 -0.00116737 196.798 -1 -1 -1 
628 89 0.0267758 0.621025 1.5498e-05 -0.000733738 197.147 -1 -1 -1 
629 89 0.0259464 0.625385 5.76696e-06 -0.000167757 197.451 -1 -1 -1 
630 89 0.0285359 0.626393 2.04808e-05 -3.84809e-05 197.817 -1 -1 -1 
631 89 0.0290022 0.62546 2.71706e-05 -0.000136344 198.055 -1 -1 -1 
632 89 0.0306081 0.627093 3.83287e-05 5.74599e-05 198.317 -1 -1 -1 
633 89 0.0276037 0.628371 6.51939e-06 0.000191063 198.67 -1 -1 -1 
634 89 0.0255787 0.628851 -8.93934e-06 0.000222631 198.946 -1 -1 -1 
635 89 0.0291368 0.628365 1.89803e-05 0.000145218 199.299 -1 -1 -1 
636 89 0.0306286 0.627513 3.17774e-05 3.60517e-05 199.43 -1 -1 -1 
637 89 0.0261034 0.629169 -4.05179e-06 0.000213864 199.697 -1 -1 -1 
638 89 0.0286606 0.62913 1.1408e-05 0.000186186 200.038 -1 -1 -1 
639 89 0.0281774 0.629768 3.73646e-06 0.000235701 200.319 -1 -1 -1 
640 89 0.029694 0.629341 1.66108e-05 0.000163067 200.666 -1 -1 -1 
641 89 0.0276679 0.629832 -1.98072e-06 0.000199034 200.895 -1 -1 -1 
642 89 0.0271633 0.63001 -4.82865e-06 0.000196807 201.159 -1 -1 -1 
643 89 0.0276784 0.63007 -2.60038e-06 0.000181778 201.513 -1 -1 -1 
644 89 0.026626 0.629425 -7.25012e-06 9.09255e-05 201.833 -1 -1 -1 
645 89 0.0254037 0.624549 -1.06934e-05 -0.000455556 202.183 -1 -1 -1 
646 89 0.0198622 0.62602 -4.57221e-05 -0.000241734 202.56 -1 -1 -1 
647 89 0.014364 0.630551 -5.52549e-05 0.000287601 202.876 -1 -1 -1 
648 89 0.014403 0.632264 -5.35541e-05 0.000444214 203.266 -1 -1 -1 
649 89 0.0165111 0.63422 -4.04525e-05 0.000609581 203.644 -1 -1 -1 
650 89 0.0216496 0.633623 -1.06236e-05 0.000478147 203.931 -1 -1 -1 
651 89 0.0185692 0.634034 -2.71155e-05 0.000470853 204.291 -1 -1 -1 
652 89 0.0185926 0.634832 -2.31323e-05 0.000506527 204.608 -1 -1 -1 
653 89 0.0221479 0.633135 2.80286e-06 0.000265819 204.995 -1 -1 -1 
654 89 0.0251853 0.631814 2.48655e-05 9.17459e-05 205.359 -1 -1 -1 
655 89 0.0170553 0.635274 -2.09134e-05 0.000462676 205.623 -1 -1 -1 
656 89 0.0191216 0.635251 -1.77101e-05 0.000409409 205.998 -1 -1 -1 
657 89 0.0221979 0.634564 2.54362e-06 0.000289295 206.332 -1 -1 -1 
658 89 0.0257731 0.633629 3.33988e-05 0.000154906 206.493 -1 -1 -1 
659 89 0.0226676 0.633266 7.7695e-07 9.79052e-05 206.849 -1 -1 -1 
660 89 0.0196134 0.634445 -1.66058e-05 0.000217092 207.04 -1 -1 -1 
661 89 0.0201015 0.633565 -1.30177e-05 9.63145e-05 207.314 -1 -1 -1 
662 89 0.0195348 0.631902 -1.25724e-05 -9.74354e-05 207.671 -1 -1 -1 
663 89 0.0190018 0.631272 -1.548e-05 -0.00015625 207.817 -1 -1 -1 
664 89 0.0179682 0.631039 -1.66201e-05 -0.000164748 208.076 -1 -1 -1 
665 89 0.0236362 0.631619 2.02302e-05 -8.23768e-05 208.432 -1 -1 -1 
666 89 0.0206039 0.633164 -2.19121e-06 9.75633e-05 208.697 -1 -1 -1 
667 89 0.0201283 0.63441 -2.22406e-06 0.00022396 209.06 -1 -1 -1 
